[Debug]
Pos=60,60
Size=400,400
Collapsed=0
FontGlobalScale=1.000000

[Settings]
Pos=121,159
Size=226,330
Collapsed=0
FontGlobalScale=1.000000

