[Debug]
Pos=60,60
Size=400,400
Collapsed=0
FontGlobalScale=1.000000

[Settings]
Pos=88,197
Size=148,215
Collapsed=0
FontGlobalScale=1.000000

