[Debug]
Pos=60,60
Size=400,400
Collapsed=0
FontGlobalScale=1.000000

[Settings]
Pos=210,240
Size=183,257
Collapsed=0
FontGlobalScale=1.000000

