[Debug]
Pos=60,60
Size=400,400
Collapsed=0
FontGlobalScale=1.000000

[Settings]
Pos=85,490
Size=718,554
Collapsed=0
FontGlobalScale=1.000000

