[Debug]
Pos=60,60
Size=400,400
Collapsed=0
FontGlobalScale=1.000000

[Settings]
Pos=173,93
Size=293,381
Collapsed=0
FontGlobalScale=1.000000

